------------------------------------------------------------------------------------------------------------------------------------------------------------
  Bin Id          Marker lineage   # genomes   # markers   # marker sets   0    1    2    3   4   5+   Completeness   Contamination   Strain heterogeneity  
------------------------------------------------------------------------------------------------------------------------------------------------------------
  contigs.bin.3      N/A (0)           -1         111            1         21   58   32   0   0   0       81.08           28.83              81.25          
  contigs.bin.2      N/A (0)           -1         111            1         23   82   6    0   0   0       79.28            5.41              66.67          
  contigs.bin.5      N/A (0)           -1         111            1         33   61   17   0   0   0       70.27           15.32               0.00          
  contigs.bin.1      N/A (0)           -1         111            1         34   70   7    0   0   0       69.37            6.31              14.29          
  contigs.bin.6      N/A (0)           -1         111            1         36   73   2    0   0   0       67.57            1.80              50.00          
  contigs.bin.4      N/A (0)           -1         111            1         64   37   10   0   0   0       42.34            9.01              40.00          
------------------------------------------------------------------------------------------------------------------------------------------------------------
